38,1
38,3
237,35
3,2
3,1
3,3
10,271
10,29
10,75
10,77
10,303
10,249
10,115
10,189
11,6
11,18
11,25
11,24
11,5
177,3
177,2
177,1
177,0
176,3
9,2
176,2
176,1
176,0
175,4
175,3
175,2
175,1
175,0
174,6
174,5
174,4
174,3
8,18
8,6
8,4
174,2
174,1
174,0
172,4
172,3
8,9
8,2
8,3
172,2
172,1
172,0
171,5
171,4
171,3
0,542
171,2
171,1
171,0
169,4
169,3
12,2
169,2
169,1
169,0
168,5
168,4
168,3
168,2
168,1
168,0
165,3
165,2
165,1
165,0
160,4
160,3
160,2
160,1
137,6
137,5
137,4
137,3
137,1
122,4
122,3
122,2
122,1
120,4
120,3
120,2
120,1
104,5
104,4
104,3
104,2
104,1
103,4
103,3
20,2
20,1
103,2
103,1
97,4
97,3
20,3
97,2
97,1
96,16
96,15
96,12
96,11
96,10
96,9
96,6
96,5
96,4
96,3
19,2
19,1
96,2
96,1
19,3
67,5
67,1
67,4
63,1
63,3
